latitude=26.64874225534891
longitude=84.9522432100304
 
