latitude=26.6472131113449
longitude=84.934252625023

